15
300 10
200 60
250 150
150 200
340 30
275 300
175 320
210 360
230 5
90 370
10 230
20 140
60 290
120 85
40 25
0
90
100
150
100
210
200
250
100
320
110
190
800
540
120
90
0
210
220
230
400
500
300
200
100
210
290
500
120
1200
100
210
0
400
1500
90
980
890
540
310
250
400
900
270
690
150
220
400
0
600
800
200
600
350
440
150
1200
500
910
210
100
230
1500
600
0
90
870
540
320
700
600
500
300
200
400
210
400
90
800
90
0
700
230
870
1590
700
250
990
1490
250
200
500
980
200
870
700
0
900
300
210
540
500
600
1100
310
250
300
890
600
540
230
900
0
550
430
1300
1310
600
1400
1010
100
200
540
350
320
870
300
550
0
500
800
210
95
320
290
320
100
310
440
700
1590
210
430
500
0
490
870
120
650
100
110
210
250
150
600
700
540
1300
800
490
0
150
1400
1200
160
190
290
400
1200
500
250
500
1310
210
870
150
0
560
470
115
800
500
900
500
300
990
600
600
95
120
1400
560
0
100
420
540
120
270
910
200
1490
1100
1400
320
650
1200
470
100
0
735
120
1200
690
210
400
250
310
1010
290
100
160
115
420
735
0
0
100
0
0
300
0
0
0
0
0
0
0
0
0
0
100
0
300
300
300
0
0
0
300
0
0
0
0
0
0
0
300
0
600
1600
100
1000
0
0
0
0
0
0
0
0
0
300
600
0
0
0
300
0
0
0
0
0
600
1000
300
300
300
1600
0
0
100
0
0
0
0
0
0
0
0
0
0
0
100
0
100
0
0
300
0
0
0
0
1000
0
0
0
0
1000
300
0
0
0
1000
0
300
0
0
700
0
0
0
0
0
0
0
300
1000
0
0
0
0
0
0
0
0
0
300
0
0
0
0
0
0
0
0
0
0
0
400
300
0
0
0
0
0
0
300
0
0
0
0
0
300
0
0
0
0
0
0
0
0
0
0
0
0
0
300
1500
1300
0
0
0
0
0
0
0
0
0
0
0
300
0
0
600
300
0
0
0
600
0
1000
700
0
0
300
1500
0
0
300
0
0
0
0
1000
0
0
0
0
400
0
1300
600
300
0
900
0
0
0
300
0
0
0
0
300
0
0
300
0
900
0
13
100
300
400
600
700
900
1000
1300
1500
1600
1800
2000
2200
250
450
650
750
950
1050
1450
1550
1650
1950
2050
2250
2550
