10
1 1
50 200
100 100
150 300
200 250
250 50
300 350
350 150
160 20
10 360
0
700
250
200
400
350
200
450
500
350
700
0
600
650
750
550
600
550
550
750
250
600
0
350
700
250
350
350
750
450
200
650
350
0
200
200
400
400
400
250
400
750
700
200
0
450
350
550
200
300
350
550
250
200
450
0
300
600
300
450
200
600
350
400
350
300
0
250
350
350
450
550
350
400
550
600
250
0
200
500
500
550
750
400
200
300
350
200
0
300
350
750
450
250
300
450
350
500
300
0
0
800
300
0
0
0
0
0
600
0
800
0
700
700
0
0
0
0
0
800
300
700
0
0
800
300
0
0
800
0
0
700
0
0
250
0
450
0
0
300
0
0
800
250
0
600
400
600
250
0
0
0
300
0
600
0
0
700
350
0
0
0
0
450
400
0
0
300
0
400
0
0
0
0
600
700
300
0
0
0
600
0
800
0
250
350
0
0
0
0
0
800
0
300
0
0
400
0
0
0
9
200
250
300
350
400
450
600
700
800
500
600
700
800
900
1000
1200
1500
2000
